X:
1 0 1 1  0 0 0 1
1 0 1 1  0 0 1 0
1 0 1 1  0 0 1 1
1 0 1 1  0 1 0 0
1 0 1 1  0 1 0 1
1 0 1 1  0 1 1 0
1 0 1 1  0 1 1 1
1 0 1 1  1 0 0 0

Y:
1 0 1 0  0 0 0 1
1 0 1 0  0 0 1 0
1 0 1 0  0 0 1 1
1 0 1 0  0 1 0 0
1 0 1 0  0 1 0 1
1 0 1 0  0 1 1 0
1 0 1 0  0 1 1 1
1 0 1 0  1 0 0 0

A = [
1 1 0 0 0 0 0 1
0 1 0 0 1 0 1 0
1 1 1 0 0 0 0 0
1 1 0 1 1 0 0 0
1 1 0 0 1 0 0 1
1 0 0 0 1 1 1 0
0 1 1 0 1 0 0 1
1 1 1 0 1 0 1 1
];

invA = [
1 1 1 0 0 0 0 1
0 0 1 0 1 0 1 0
1 1 1 0 1 0 1 1
0 1 0 1 0 0 1 1
1 0 0 0 1 0 0 0
1 0 0 0 1 1 1 1
1 1 1 0 0 0 1 0
0 1 0 0 1 0 1 1
];

0 1 1 1 0 0 1 0
0 0 1 1 1 1 1 1
1 0 1 1 0 1 0 0
1 0 1 1 0 1 1 1

1 1 1 1 0 0 0 1
0 0 0 1 0 1 1 0
0 1 0 1 0 0 0 0
0 0 0 1 1 0 0 1

